=======================================================================
Alpha complex:
['data/bible-old', 'data/bible-old-control', 'data/phys.org', 'data/recipes', 'data/bible-new']
[[ 0.000  0.004  0.003  0.003  0.008]
 [ 0.004  0.000  0.002  0.003  0.008]
 [ 0.003  0.002  0.000  0.002  0.008]
 [ 0.003  0.003  0.002  0.000  0.008]
 [ 0.008  0.008  0.008  0.008  0.000]]

=======================================================================
Rips complex:
['data/bible-old', 'data/bible-old-control', 'data/phys.org', 'data/recipes', 'data/bible-new']
[[ 0.000  0.086  0.082  0.054  0.082]
 [ 0.086  0.000  0.044  0.062  0.125]
 [ 0.082  0.044  0.000  0.045  0.112]
 [ 0.054  0.062  0.045  0.000  0.094]
 [ 0.082  0.125  0.112  0.094  0.000]]

=======================================================================
Rips complex with <function hellinger_word at 0x7f77500d0048>:
word:
['data/bible-old', 'data/bible-old-control', 'data/phys.org', 'data/recipes', 'data/bible-new']
[[ 0.000  0.017  0.020  0.021  0.017]
 [ 0.017  0.000  0.015  0.037  0.020]
 [ 0.020  0.015  0.000  0.031  0.018]
 [ 0.021  0.037  0.031  0.000  0.021]
 [ 0.017  0.020  0.018  0.021  0.000]]
sentence:
['data/bible-old', 'data/bible-old-control', 'data/phys.org', 'data/recipes', 'data/bible-new']
[[ 0.000  0.028  0.040  0.112  0.015]
 [ 0.028  0.000  0.036  0.105  0.022]
 [ 0.040  0.036  0.000  0.105  0.033]
 [ 0.112  0.105  0.105  0.000  0.103]
 [ 0.015  0.022  0.033  0.103  0.000]]
both:
['data/bible-old', 'data/bible-old-control', 'data/phys.org', 'data/recipes', 'data/bible-new']
[[ 0.000  0.046  0.060  0.132  0.032]
 [ 0.046  0.000  0.052  0.142  0.042]
 [ 0.060  0.052  0.000  0.137  0.051]
 [ 0.132  0.142  0.137  0.000  0.124]
 [ 0.032  0.042  0.051  0.124  0.000]]

=======================================================================
Rips complex with <function chisq_word at 0x7f77500d01e0>:
word:
['data/bible-old', 'data/bible-old-control', 'data/phys.org', 'data/recipes', 'data/bible-new']
[[ 0.000  0.005  0.005  0.006  0.005]
 [ 0.005  0.000  0.002  0.011  0.009]
 [ 0.005  0.002  0.000  0.010  0.009]
 [ 0.006  0.011  0.010  0.000  0.007]
 [ 0.005  0.009  0.009  0.007  0.000]]
sentence:
['data/bible-old', 'data/bible-old-control', 'data/phys.org', 'data/recipes', 'data/bible-new']
[[ 0.000  0.063  0.078  0.193  0.031]
 [ 0.063  0.000  0.062  0.165  0.044]
 [ 0.078  0.062  0.000  0.154  0.060]
 [ 0.193  0.165  0.154  0.000  0.166]
 [ 0.031  0.044  0.060  0.166  0.000]]
both:
['data/bible-old', 'data/bible-old-control', 'data/phys.org', 'data/recipes', 'data/bible-new']
[[ 0.000  0.068  0.083  0.199  0.036]
 [ 0.068  0.000  0.064  0.175  0.053]
 [ 0.083  0.064  0.000  0.164  0.069]
 [ 0.199  0.175  0.164  0.000  0.173]
 [ 0.036  0.053  0.069  0.173  0.000]]

=======================================================================
Rips complex with <function euclidean_hist_word at 0x7f77500d0378>:
word:
['data/bible-old', 'data/bible-old-control', 'data/phys.org', 'data/recipes', 'data/bible-new']
[[ 0.000  0.022  0.026  0.023  0.020]
 [ 0.022  0.000  0.011  0.032  0.012]
 [ 0.026  0.011  0.000  0.037  0.020]
 [ 0.023  0.032  0.037  0.000  0.030]
 [ 0.020  0.012  0.020  0.030  0.000]]
sentence:
['data/bible-old', 'data/bible-old-control', 'data/phys.org', 'data/recipes', 'data/bible-new']
[[ 0.000  0.046  0.086  0.131  0.185]
 [ 0.046  0.000  0.069  0.105  0.213]
 [ 0.086  0.069  0.000  0.162  0.250]
 [ 0.131  0.105  0.162  0.000  0.109]
 [ 0.185  0.213  0.250  0.109  0.000]]
both:
['data/bible-old', 'data/bible-old-control', 'data/phys.org', 'data/recipes', 'data/bible-new']
[[ 0.000  0.068  0.112  0.154  0.205]
 [ 0.068  0.000  0.080  0.137  0.225]
 [ 0.112  0.080  0.000  0.198  0.270]
 [ 0.154  0.137  0.198  0.000  0.139]
 [ 0.205  0.225  0.270  0.139  0.000]]
